a=[
4800,7200,9600,12000,14400,16800,19600,22000,24400,26800,29200,31600,34000,36800,39200,41600,44000,46400,48800,51200,53600,56400,58800,61200,63600,66000,68400,70800,73600,76000,78400,80800,83200,85600,88000,90400,93200,95600,98000,100400,102800,105200,107600,110000,112800,115200,117600,120000,122400,124800,127200,129600,132000,134800,137200,139600,142000,144400,146800,149200,151600,154000,156800,159200,161600,164000,166400,168800,171200,173600,176000,178400,181200,183600,186000,188400,190800,193200,195600,198000,200400,202800,205200,208000,210400,212800,215200,217600,220000,222400,224800,227200,229600,232000,234400,236800,239600,242000,244400,246800,249200,251600,254000,256400,258800,261200,263600,266000,268400,270800,273200,275600,278000,280400,282800,285600,288000,290400,292800,295200,297600,300000,302400,304800,307200,309600,312000,314400,316800,319200,321600,324000,326400,328800,331200,333600,336000,338400,340800,343200,345600,348000,350400,352800,355200,357600,360000,362400,364800,367200,369600,372000,374400,376800,379200,381600,383600,386000,388400,390800,393200,395600,398000,400400,402800,405200,407600,410000,412400,414800,417200,419600,421600,424000,426400,428800,431200,433600,436000,438400,440800,443200,445600,447600,450000,452400,454800,457200,459600,462000,464400,466400,468800,471200,473600,476000,478400,480800,482800,485200,487600,490000,492400,494800,497200,499200,501600,504000,506400,508800,510800,513200,515600,518000,520400,522800,524800,527200,529600,532000,534000,536400,538800,541200,543600,545600,548000,550400,552800,554800,557200,559600,562000,564000,566400,568800,571200,573200,575600,578000,580000,582400,584800,587200,589200,591600,594000,596000,598400,600800,602800,605200,607600,610000,612000,614400,616800,618800,621200,623200,625600,628000,630000,632400,634800,636800,639200,641600,643600,646000,648000,650400,652800,654800,657200,659200,661600,664000,666000,668400,670400,672800,674800,677200,679600,681600,684000,686000,688400,690400,692800,694800,697200,699200,701600,703600,706000,708000,710400,712400,714800,716800,719200,721200,723600,725600,728000,730000,732400,734400,736800,738800,740800,743200,745200,747600,749600,752000,754000,756000,758400,760400,762800,764800,766800,769200,771200,773600,775600,777600,780000,782000,784000,786400,788400,790400,792800,794800,796800,799200,801200,803200,805600,807600,809600,811600,814000,816000,818000,820400,822400,824400,826400,828800,830800,832800,834800,837200,839200,841200,843200,845200,847600,849600,851600,853600,855600,858000,860000,862000,864000,866000,868000,870400,872400,874400,876400,878400,880400,882400,884800,886800,888800,890800,892800,894800,896800,898800,900800,902800,904800,906800,908800,911200,913200,915200,917200,919200,921200,923200,925200,927200,929200,931200,933200,935200,937200,939200,941200,943200,944800,946800,948800,950800,952800,954800,956800,958800,960800,962800,964800,966800,968400,970400,972400,974400,976400,978400,980400,982400,984000,986000,988000,990000,992000,993600,995600,997600,999600,1001600,1003200,1005200,1007200,1009200,1011200,1012800,1014800,1016800,1018400,1020400,1022400,1024400,1026000,1028000,1030000,1031600,1033600,1035600,1037200,1039200,1041200,1042800,1044800,1046800,1048400,1050400,1052400,1054000,1056000,1057600,1059600,1061600,1063200,1065200,1066800,1068800,1070800,1072400,1074400,1076000,1078000,1079600,1081600,1083200,1085200,1086800,1088800,1090400,1092400,1094000,1096000,1097600,1099600,1101200,1103200,1104800,1106400,1108400,1110000,1112000,1113600,1115600,1117200,1118800,1120800,1122400,1124000,1126000,1127600,1129600,1131200,1132800,1134800,1136400,1138000,1139600,1141600,1143200,1144800,1146800,1148400,1150000,1151600,1153600,1155200,1156800,1158400,1160400,1162000,1163600,1165200,1166800,1168800,1170400,1172000,1173600,1175200,1177200,1178800,1180400,1182000,1183600,1185200,1186800,1188400,1190400,1192000,1193600,1195200,1196800,1198400,1200000,1201600,1203200,1204800,1206400,1208000,1209600,1211200,1212800,1214400,1216000,1217600,1219200,1220800,1222400,1224000,1225600,1227200,1228800,1230400,1232000,1233600,1235200,1236400,1238000,1239600,1241200,1242800,1244400,1246000,1247600,1248800,1250400,1252000,1253600,1255200,1256400,1258000,1259600,1261200,1262800,1264000,1265600,1267200,1268800,1270000,1271600,1273200,1274400,1276000,1277600,1279200,1280400,1282000,1283600,1284800,1286400,1288000,1289200,1290800,1292000,1293600,1295200,1296400,1298000,1299200,1300800,1302400,1303600,1305200,1306400,1308000,1309200,1310800,1312000,1313600,1314800,1316400,1317600,1319200,1320400,1322000,1323200,1324800,1326000,1327200,1328800,1330000,1331600,1332800,1334400,1335600,1336800,1338400,1339600,1340800,1342400,1343600,1344800,1346400,1347600,1348800,1350400,1351600,1352800,1354000,1355600,1356800,1358000,1359200,1360800,1362000,1363200,1364400,1365600,1367200,1368400,1369600,1370800,1372000,1373600,1374800,1376000,1377200,1378400,1379600,1380800,1382000,1383200,1384400,1386000,1387200,1388400,1389600,1390800,1392000,1393200,1394400,1395600,1396800,1398000,1399200,1400400,1401600,1402800,1404000,1405200,1406000,1407200,1408400,1409600,1410800,1412000,1413200,1414400,1415600,1416400,1417600,1418800,1420000,1421200,1422400,1423200,1424400,1425600,1426800,1428000,1428800,1430000,1431200,1432400,1433200,1434400,1435600,1436400,1437600,1438800,1440000,1440800,1442000,1442800,1444000,1445200,1446000,1447200,1448400,1449200,1450400,1451200,1452400,1453600,1454400,1455600,1456400,1457600,1458400,1459600,1460400,1461600,1462400,1463600,1464400,1465600,1466400,1467600,1468400,1469200,1470400,1471200,1472400,1473200,1474400,1475200,1476000,1477200,1478000,1478800,1480000,1480800,1481600,1482800,1483600,1484400,1485200,1486400,1487200,1488000,1489200,1490000,1490800,1491600,1492400,1493600,1494400,1495200,1496000,1496800,1498000,1498800,1499600,1500400,1501200,1502000,1502800,1503600,1504400,1505600,1506400,1507200,1508000,1508800,1509600,1510400,1511200,1512000,1512800,1513600,1514400,1515200,1516000,1516800,1517600,1518400,1519200,1519600,1520400,1521200,1522000,1522800,1523600,1524400,1525200,1526000,1526400,1527200,1528000,1528800,1529600,1530000,1530800,1531600,1532400,1533200,1533600,1534400,1535200,1535600,1536400,1537200,1538000,1538400,1539200,1540000,1540400,1541200,1542000,1542400,1543200,1543600,1544400,1545200,1545600,1546400,1546800,1547600,1548000,1548800,1549600,1550000,1550800,1551200,1552000,1552400,1553200,1553600,1554000,1554800,1555200,1556000,1556400,1557200,1557600,1558000,1558800,1559200,1560000,1560400,1560800,1561600,1562000,1562400,1563200,1563600,1564000,1564400,1565200,1565600,1566000,1566800,1567200,1567600,1568000,1568400,1569200,1569600,1570000,1570400,1570800,1571200,1572000,1572400,1572800,1573200,1573600,1574000,1574400,1574800,1575200,1576000,1576400,1576800,1577200,1577600,1578000,1578400,1578800,1579200,1579600,1580000,1580400,1580800,1581200,1581200,1581600,1582000,1582400,1582800,1583200,1583600,1584000,1584400,1584400,1584800,1585200,1585600,1586000,1586400,1586400,1586800,1587200,1587600,1587600,1588000,1588400,1588800,1588800,1589200,1589600,1589600,1590000,1590400,1590400,1590800,1591200,1591200,1591600,1592000,1592000,1592400,1592400,1592800,1593200,1593200,1593600,1593600,1594000,1594000,1594400,1594400,1594800,1594800,1595200,1595200,1595600,1595600,1596000,1596000,1596000,1596400,1596400,1596800,1596800,1596800,1597200,1597200,1597200,1597600,1597600,1597600,1598000,1598000,1598000,1598400,1598400,1598400,1598400,1598800,1598800,1598800,1598800,1598800,1599200,1599200,1599200,1599200,1599200,1599200,1599600,1599600,1599600,1599600,1599600,1599600,1599600,1599600,1599600,1599600,1599600,1599600,1599600,1599600,1599600,1599600,1599600,1599600,1599600,1599600,1599600,1599600,1599600,1599600,1599600,1599600,1599600,1599600,1599600,1599200,1599200,1599200,1599200,1599200,1599200,1598800,1598800,1598800,1598800,1598800,1598400,1598400,1598400,1598400,1598000,1598000,1598000,1597600,1597600,1597600,1597200,